void miro()
{
    int i, j, k = 0, y = 3;     // i,j는 2차원 배열을 돌리기위해, k는 배열 값을 저장 하여 swtich()문을 돌림, u는 좌표 설정을 위해 사용

    int map1[45][63] =
    {
        {1,1,1,1,1,1,1,1,1,1,1,1,1,1,1,1,1,1,1,1,1,1,1,1,1,1,1,1,1,1,1,1,1,1,1,1,1,1,1,1,1,1,1,1,1,1,1,1,1,1,1,1,1,1,1,1,1,1,1,1,1,1,1},
        {0,0,0,0,1,1,1,1,1,1,1,1,1,1,1,1,1,0,0,0,0,0,0,0,0,0,0,0,0,1,1,1,1,1,1,1,0,0,0,1,1,0,0,1,1,1,1,1,1,1,1,1,0,0,0,0,0,0,0,1,0,1,1},
        {1,0,1,0,1,0,0,0,0,0,0,0,0,0,0,0,0,0,1,0,1,1,0,1,1,0,1,1,0,0,1,1,0,0,0,0,0,1,0,0,0,0,1,0,0,0,0,0,0,0,0,0,0,1,1,0,1,1,0,1,0,0,1},
        {1,0,1,0,1,0,1,0,1,1,1,0,1,1,1,0,1,1,0,0,0,1,0,0,0,0,1,1,1,0,0,1,0,1,1,1,0,1,0,1,1,1,1,0,1,1,1,1,1,0,1,1,0,1,0,0,1,0,0,1,0,1,1},
        {1,0,1,0,1,0,1,0,0,0,0,0,1,0,1,0,1,0,1,1,1,1,1,1,1,0,1,0,1,0,0,1,0,1,1,1,0,1,0,0,0,0,0,0,0,0,0,0,1,0,1,0,0,1,0,1,0,0,1,1,0,0,1},
        {1,0,1,0,0,0,1,0,1,0,1,0,1,0,1,0,0,0,0,0,0,0,0,0,1,0,1,0,1,1,1,0,0,0,0,1,0,1,1,1,1,1,1,0,1,1,1,0,1,0,1,0,1,1,0,1,1,0,1,0,0,1,1},
        {1,0,1,1,1,1,1,0,1,1,0,0,1,0,1,1,1,1,1,1,1,0,1,1,1,0,0,0,0,0,0,0,1,1,1,0,0,1,0,1,1,0,0,0,1,0,1,0,1,0,1,0,1,1,1,1,1,0,1,0,0,0,1},
        {1,0,0,0,0,0,1,0,0,0,1,0,0,0,0,0,0,0,0,1,1,0,0,0,1,1,0,1,1,1,1,0,1,0,1,1,1,1,0,1,1,0,1,0,0,0,1,1,1,0,1,0,1,1,0,0,1,0,1,0,1,1,1},
        {1,1,1,1,0,1,1,0,1,0,1,1,1,1,1,1,1,1,1,1,1,1,1,1,0,1,1,1,1,0,1,1,1,0,1,0,1,1,0,1,1,1,1,1,1,1,0,0,0,0,1,1,1,0,0,1,1,0,1,0,1,0,1},
        {1,0,0,0,0,1,1,1,1,0,0,1,0,0,0,0,0,0,0,0,0,0,0,1,0,0,0,0,0,0,0,0,1,0,1,0,0,0,0,1,1,1,0,0,0,0,1,1,1,0,1,1,0,0,1,1,1,1,0,0,0,0,1},
        {1,0,1,1,0,0,1,0,1,0,1,1,1,1,0,1,1,1,1,1,1,1,0,1,1,1,1,1,1,0,1,0,0,0,1,0,1,1,0,0,0,0,0,1,1,1,0,0,0,0,0,0,0,1,0,0,0,0,0,1,1,0,1},
        {1,0,1,1,0,0,1,0,1,0,0,0,0,0,0,1,0,0,1,1,1,1,0,1,1,0,0,0,0,0,1,0,1,1,1,0,1,1,1,1,1,1,1,1,1,1,1,1,1,1,1,0,1,1,0,1,1,1,1,0,0,0,1},
        {1,0,1,1,0,0,1,0,0,0,0,1,1,0,1,1,0,0,0,0,1,1,0,1,1,0,1,1,1,0,1,0,1,0,0,0,0,0,0,0,0,0,0,1,1,0,0,0,0,0,0,0,1,1,0,1,0,1,0,1,1,0,1},
        {1,0,1,0,0,0,1,0,1,1,1,1,1,0,1,0,0,1,1,1,1,1,0,1,1,0,0,0,1,0,1,0,1,0,1,1,1,1,1,1,1,1,0,1,1,0,1,0,1,1,1,1,1,1,0,1,0,1,0,0,0,0,1},
        {1,1,1,1,1,0,1,0,1,0,0,0,1,0,1,0,1,1,0,0,0,1,0,0,0,0,1,1,0,0,1,0,1,0,1,1,0,0,0,0,0,1,0,0,0,1,1,0,0,1,0,1,1,1,0,1,0,1,0,1,1,0,1},
        {1,1,0,0,0,0,1,1,1,0,1,1,1,1,1,0,1,1,0,1,0,1,1,1,1,1,1,1,1,1,1,0,1,0,1,1,0,1,0,1,0,1,1,1,0,1,1,1,0,1,0,0,0,0,0,1,0,1,0,0,1,0,1},
        {1,1,0,1,1,0,1,0,0,0,0,0,0,0,0,0,1,1,0,1,0,0,0,0,0,0,0,0,0,0,0,0,1,0,0,1,0,1,0,1,0,1,0,0,0,1,0,1,0,1,0,1,1,1,1,0,0,1,0,1,1,0,1},
        {1,0,0,1,1,0,1,0,1,1,1,1,1,1,1,1,1,1,0,1,1,1,1,1,1,1,1,1,1,1,1,1,1,1,0,1,0,1,0,1,0,1,0,1,1,0,0,1,0,1,0,0,0,0,0,0,1,1,0,0,0,1,1},
        {1,0,1,1,1,0,1,0,0,0,0,0,0,1,0,0,0,1,0,1,1,1,1,0,0,0,1,0,0,0,0,0,0,0,0,1,0,1,0,1,0,1,0,0,1,1,0,1,0,0,1,1,1,1,0,1,0,0,1,1,0,1,1},
        {1,0,1,1,0,0,1,0,1,1,1,1,1,1,0,1,0,1,0,0,0,0,0,0,1,0,1,1,1,1,1,1,1,1,1,1,0,1,0,1,0,1,0,1,0,0,0,1,1,0,0,0,1,0,0,1,0,1,1,0,0,1,1},
        {1,0,1,1,0,1,1,0,0,1,0,0,0,0,0,1,0,0,1,0,1,1,1,1,1,0,1,1,0,0,0,0,0,0,0,0,0,1,1,0,0,1,0,1,1,1,0,1,1,0,1,0,1,0,1,1,0,1,0,1,0,1,1},
        {1,0,0,1,0,1,1,1,0,1,0,1,1,1,1,1,1,1,1,0,1,0,0,0,0,0,1,1,0,1,1,1,1,1,0,1,1,0,0,1,0,1,0,0,0,0,0,0,0,1,0,1,1,0,1,0,0,0,0,0,0,0,1},
        {1,1,0,1,0,0,0,1,0,1,0,1,0,0,0,0,0,0,1,0,1,0,1,0,1,0,1,1,0,1,1,1,0,0,0,1,1,0,1,1,0,1,1,1,1,1,1,1,0,0,0,1,1,0,1,1,1,1,0,1,0,1,1},
        {1,1,0,1,1,1,0,1,0,1,0,1,0,1,1,1,1,0,1,0,1,0,1,0,1,1,1,1,0,1,1,0,1,1,0,1,1,0,1,1,0,1,0,0,0,0,0,1,0,1,1,0,0,0,0,0,0,1,0,1,0,0,1},
        {1,0,0,0,0,1,0,1,0,1,0,1,0,0,0,0,1,0,1,1,1,0,1,0,1,0,0,0,0,1,1,0,0,1,1,0,0,0,0,0,0,1,0,1,1,1,1,1,1,1,1,0,1,1,1,1,0,1,0,1,1,1,1},
        {1,1,0,1,0,1,0,1,0,0,0,1,0,1,1,0,1,0,0,0,0,0,1,0,1,0,1,1,1,1,1,0,1,1,0,1,1,1,1,1,0,1,0,1,1,0,0,0,0,0,0,0,0,0,0,1,0,1,0,0,0,0,1},
        {1,1,0,1,0,1,0,1,0,1,0,1,0,1,1,1,1,1,1,1,1,1,1,1,1,0,1,1,0,1,1,0,1,1,0,1,1,0,1,1,0,1,0,1,1,0,1,1,1,1,1,1,1,1,0,1,0,1,0,1,0,0,1},
        {1,0,0,1,1,1,0,1,0,1,0,1,0,0,0,0,0,0,0,0,0,0,0,0,0,0,1,0,0,0,0,0,0,0,0,0,0,0,0,0,0,1,0,0,0,0,1,1,0,0,0,0,0,1,0,1,1,1,1,1,1,0,1},
        {1,0,1,1,0,0,0,1,0,1,0,1,1,1,1,1,1,1,1,1,1,1,0,1,1,1,1,1,1,1,1,1,1,1,1,0,1,1,1,1,1,1,0,1,1,0,1,0,0,1,1,1,0,1,0,1,0,0,0,1,0,0,1},
        {1,0,1,1,1,1,1,1,0,1,0,0,0,0,1,0,0,0,0,0,0,0,1,0,0,0,0,0,0,0,0,0,0,0,1,0,1,1,1,1,1,1,1,1,1,0,1,1,0,0,0,1,0,1,0,1,0,1,1,1,1,0,1},
        {1,0,0,0,0,0,1,1,0,1,1,1,1,1,1,0,1,1,0,1,1,1,0,0,1,1,1,0,1,1,0,1,1,1,1,0,0,0,0,0,0,0,0,0,0,0,1,0,0,1,0,1,0,1,0,1,0,1,0,1,0,0,1},
        {1,0,1,1,1,0,0,0,0,1,1,1,1,0,1,0,1,1,0,1,0,1,1,0,1,1,1,0,1,1,0,0,0,1,0,1,1,1,1,1,1,1,1,1,1,1,1,0,1,1,0,1,0,1,0,1,0,1,0,1,0,0,1},
        {1,0,1,1,1,0,1,0,1,0,0,0,0,0,1,0,1,0,0,1,0,0,0,0,0,0,1,0,0,0,1,1,0,1,0,0,0,0,0,1,0,1,0,1,0,0,0,0,0,1,1,1,1,1,0,1,0,1,0,1,0,1,1},
        {1,0,0,1,0,0,1,0,1,0,1,1,1,0,1,0,1,1,1,1,1,0,1,1,1,0,1,1,1,1,1,1,1,1,0,1,0,1,1,1,1,1,0,1,0,1,1,1,0,1,0,0,0,0,0,1,0,0,0,0,0,1,1},
        {1,0,1,1,1,0,1,0,1,0,0,1,1,0,1,0,0,0,0,0,1,0,1,1,1,0,0,0,0,0,0,0,0,1,0,1,1,0,0,0,0,0,0,1,0,1,1,0,0,1,0,1,1,1,1,0,1,0,0,1,0,1,1},
        {1,0,0,1,0,0,1,0,0,1,0,1,0,0,1,0,1,1,1,0,1,0,1,1,1,1,1,1,1,1,1,1,0,1,0,0,1,0,1,1,1,1,1,1,0,1,1,1,0,1,0,1,1,0,1,0,1,1,1,0,0,1,1},
        {1,1,0,1,1,0,1,0,0,1,0,1,1,0,1,0,1,1,0,0,1,0,0,0,0,0,0,0,1,1,1,1,0,1,1,0,1,1,1,1,1,1,1,0,0,0,0,1,0,1,0,0,0,0,0,0,0,0,0,1,0,1,1},
        {1,1,0,0,1,1,0,1,1,1,0,1,0,0,1,0,0,1,0,1,1,1,1,1,1,1,1,0,0,0,0,1,0,0,0,0,1,0,0,0,0,0,1,0,1,1,1,1,0,1,0,1,1,1,1,0,1,1,0,1,0,0,1},
        {1,1,0,0,1,1,0,0,0,0,0,0,1,0,1,1,0,1,1,1,1,0,0,0,0,0,1,0,1,1,1,1,0,1,1,1,1,1,1,1,1,0,1,0,1,1,0,1,0,1,0,1,0,0,1,1,0,1,0,1,1,0,1},
        {1,1,1,0,0,1,1,1,1,1,1,1,1,0,1,0,0,0,0,0,0,0,1,1,1,0,1,0,1,0,0,1,0,0,0,0,0,0,0,0,0,0,1,0,1,0,0,0,0,1,1,1,1,0,0,0,0,0,0,1,0,0,1},
        {1,0,0,0,0,0,0,0,0,0,0,0,0,0,1,0,1,0,0,1,1,1,1,0,1,0,1,0,1,0,1,0,1,1,1,1,1,1,1,1,1,1,1,0,1,0,1,0,1,1,0,0,1,0,1,0,1,0,1,1,1,1,1},
        {1,0,1,0,1,0,1,0,1,0,1,0,1,1,1,0,1,0,0,1,0,0,1,0,1,0,1,0,0,0,0,0,0,0,0,1,0,0,1,1,1,0,0,0,1,1,1,0,0,0,0,1,1,0,1,1,1,1,1,0,0,0,1},
        {1,0,0,1,0,1,0,1,0,1,1,0,0,0,0,0,1,0,0,1,1,0,1,0,1,0,1,1,1,1,1,1,1,1,1,1,1,0,0,0,0,0,1,0,0,0,1,0,1,1,1,0,1,0,0,0,0,0,1,0,1,0,1},
        {1,0,0,0,0,0,0,0,0,0,0,0,1,1,1,1,1,0,0,0,0,0,0,0,1,0,0,0,0,0,0,0,0,0,0,0,0,0,1,0,1,0,1,1,0,0,1,0,0,0,0,0,1,0,1,1,1,0,0,0,1,0,0},// 끝 지점
        {1,1,1,1,1,1,1,1,1,1,1,1,1,1,1,1,1,1,1,1,1,1,1,1,1,1,1,1,1,1,1,1,1,1,1,1,1,1,1,1,1,1,1,1,1,1,1,1,1,1,1,1,1,1,1,1,1,1,1,1,1,1,1},
    };

    // 미로 그리기
    chcolor(WHITE);
    for (i = 0; i < 45; i++)
    {
        gotoxy(21, y++);

        for (j = 0; j < 63; j++)
        {
            k = map1[i][j];
            switch (k)
            {
            case 0:
                printf("  ");
                break;
            case 1:
                printf("■");
                break;

            }
        }
    }
}
